--------------------------------------------------------------
   CONTROL DE TEMPERATURA DE PAVA ELECTRICA
--------------------------------------------------------------
Mantiene la T° del agua por arriba de 50.00 ºC
Calienta como maximo la T° del Agua a 90.00 ºC
No se termino el ciclo debido a falta de tiempo
Tiempo	Amb	Agua	Estado Control [0/1]	
0	24.00	24.69	1	
2001	24.00	24.69	1	
4001	24.00	24.69	1	
6001	24.00	24.69	1	
8001	24.00	24.69	1	
10001	24.00	24.69	1	
12001	24.00	24.69	1	
14001	24.00	24.75	1	
16001	24.00	24.69	1	
18001	24.00	24.69	1	
20001	24.00	24.69	1	
22001	24.00	24.75	1	
24001	24.00	24.69	1	
26001	24.00	24.75	1	
28001	24.00	24.75	1	
30001	24.00	25.00	1	
32001	24.00	25.81	1	
34001	24.00	26.62	1	
36001	24.00	27.50	1	
38001	24.00	28.44	1	
40001	24.00	29.44	1	
42001	24.00	30.44	1	
44001	24.00	31.31	1	
46001	24.00	32.19	1	
48001	24.00	33.06	1	
50001	24.00	33.81	1	
52001	24.00	34.75	1	
54001	24.00	35.69	1	
56001	23.94	36.69	1	
58001	24.00	37.56	1	
60001	23.94	38.50	1	
62001	23.94	39.38	1	
64001	23.94	40.19	1	
66001	23.94	40.94	1	
68001	23.87	41.81	1	
70001	23.94	42.75	1	
72001	23.87	43.69	1	
74001	23.87	44.63	1	
76001	23.87	45.50	1	
78001	23.87	46.38	1	
80001	23.87	47.25	1	
82001	23.94	48.06	1	
84001	23.94	48.88	1	
86001	23.87	49.75	1	
88001	23.87	50.63	1	
90001	23.87	51.56	1	
92001	23.87	52.44	1	
94001	23.94	53.19	1	
96001	23.94	53.94	1	
98001	23.87	54.75	1	
100001	23.94	55.56	1	
102001	23.87	56.44	1	
104001	23.87	57.25	1	
106001	23.87	58.06	1	
108001	23.87	58.94	1	
110001	23.87	59.88	1	
112001	23.87	60.81	1	
114001	23.87	61.56	1	
116001	23.87	62.44	1	
118001	23.87	63.25	1	
120001	23.87	64.12	1	
122001	23.87	65.06	1	
124001	23.87	66.06	1	
126001	23.87	66.81	1	
128001	23.87	67.75	1	
130001	23.87	68.62	1	
132001	23.87	69.50	1	
134001	23.87	70.44	1	
136001	23.87	71.37	1	
138001	23.87	72.25	1	
140001	23.87	73.12	1	
142001	23.87	74.06	1	
144001	23.87	75.00	1	
146001	23.87	75.81	1	
148001	23.87	76.69	1	
150001	23.87	77.62	1	
152001	23.87	78.56	1	
154001	23.87	79.37	1	
156001	23.87	80.12	1	
158001	23.87	81.00	1	
160001	23.87	82.00	1	
162001	23.87	82.69	1	
164001	23.87	83.44	1	
166001	23.87	84.31	1	
168001	23.87	85.25	1	
170001	23.87	86.12	1	
172001	23.87	87.06	1	
174001	23.87	87.94	1	
176001	23.81	89.00	1	
178001	23.87	89.81	1	
180001	23.87	90.75	0	
182001	23.87	91.69	0	
184001	23.87	92.50	0	
186001	23.87	93.19	0	
188001	23.87	93.69	0	
190001	23.87	94.06	0	
192001	23.81	94.31	0	
194001	23.81	94.56	0	
196001	23.87	94.69	0	
198001	23.81	94.87	0	
200001	23.87	95.06	0	
202001	23.81	95.12	0	
204001	23.81	95.19	0	
206001	23.81	95.19	0	
208001	23.81	95.06	0	
210001	23.81	95.06	0	
212001	23.87	95.00	0	
214001	23.87	94.94	0	
216001	23.81	94.94	0	
218001	23.87	94.94	0	
220001	23.81	94.94	0	
222001	23.81	94.87	0	
224001	23.81	94.81	0	
226001	23.81	94.75	0	
228001	23.81	94.69	0	
230001	23.81	94.69	0	
232001	23.81	94.62	0	
234001	23.81	94.56	0	
236001	23.81	94.44	0	
238001	23.81	94.31	0	
240001	23.81	94.19	0	
242001	23.81	94.12	0	
244001	23.81	94.00	0	
246001	23.81	94.00	0	
248001	23.81	93.94	0	
250001	23.75	93.94	0	
252001	23.81	93.81	0	
254001	23.81	93.81	0	
256001	23.81	93.75	0	
258001	23.81	93.69	0	
260001	23.81	93.62	0	
262001	23.81	93.50	0	
264001	23.81	93.44	0	
266001	23.81	93.44	0	
268001	23.81	93.37	0	
270001	23.81	93.31	0	
272001	23.81	93.25	0	
274001	23.81	93.25	0	
276001	23.75	93.25	0	
278001	23.81	93.19	0	
280001	23.81	93.19	0	
282001	23.75	93.12	0	
284001	23.75	93.12	0	
286001	23.75	93.06	0	
288001	23.75	93.06	0	
290001	23.75	92.94	0	
292001	23.81	92.87	0	
294001	23.81	92.87	0	
296001	23.75	92.81	0	
298001	23.81	92.81	0	
300001	23.81	92.75	0	
302001	23.81	92.69	0	
304001	23.81	92.62	0	
306001	23.81	92.56	0	
308001	23.87	92.56	0	
310001	23.81	92.50	0	
312001	23.87	92.50	0	
314001	23.81	92.44	0	
316001	23.81	92.44	0	
318001	23.81	92.37	0	
320001	23.81	92.37	0	
322001	23.81	92.31	0	
324001	23.81	92.31	0	
326001	23.81	92.25	0	
328001	23.81	92.19	0	
330001	23.81	92.19	0	
332001	23.81	92.12	0	
334001	23.81	92.12	0	
336001	23.81	92.06	0	
338001	23.81	92.00	0	
340001	23.81	92.00	0	
342001	23.81	91.94	0	
344001	23.81	91.94	0	
346001	23.81	91.87	0	
348001	23.81	91.81	0	
350001	23.81	91.75	0	
352001	23.75	91.75	0	
354001	23.81	91.69	0	
356001	23.81	91.69	0	
358001	23.81	91.62	0	
360001	23.81	91.56	0	
362001	23.81	91.62	0	
364001	23.75	91.50	0	
366001	23.75	91.50	0	
368001	23.75	91.44	0	
370001	23.75	91.44	0	
372001	23.75	91.37	0	
374001	23.75	91.37	0	
376001	23.75	91.37	0	
378001	23.75	91.31	0	
380001	23.75	91.31	0	
382001	23.75	91.19	0	
384001	23.75	91.12	0	
386001	23.75	91.06	0	
388001	23.75	91.00	0	
390001	23.75	91.00	0	
392001	23.75	90.94	0	
394001	23.75	90.94	0	
396001	23.69	90.87	0	
398001	23.75	90.87	0	
400001	23.75	90.81	0	
402001	23.75	90.75	0	
404001	23.75	90.75	0	
406001	23.69	90.69	0	
408001	23.75	90.62	0	
410001	23.69	90.62	0	
412001	23.69	90.62	0	
414001	23.75	90.56	0	
416001	23.75	90.50	0	
418001	23.75	90.44	0	
420001	23.75	90.44	0	
422001	23.75	90.37	0	
424001	23.75	90.31	0	
426001	23.75	90.31	0	
428001	23.75	90.25	0	
430001	23.75	90.25	0	
432001	23.75	90.25	0	
434001	23.75	90.19	0	
436001	23.75	90.25	0	
438001	23.75	90.19	0	
440001	23.75	90.19	0	
442001	23.75	90.19	0	
444001	23.75	90.12	0	
446001	23.75	90.06	0	
448001	23.75	90.00	0	
450001	23.75	89.94	0	
452001	23.75	89.87	0	
454001	23.75	89.81	0	
456001	23.75	89.75	0	
458001	23.75	89.69	0	
460001	23.81	89.62	0	
462001	23.75	89.62	0	
464001	23.75	89.62	0	
466001	23.75	89.56	0	
468001	23.75	89.56	0	
470001	23.75	89.50	0	
472001	23.75	89.50	0	
474001	23.75	89.44	0	
476001	23.75	89.44	0	
478001	23.75	89.37	0	
480001	23.75	89.37	0	
482001	23.75	89.37	0	
484001	23.75	89.31	0	
486001	23.75	89.25	0	
488001	23.75	89.25	0	
490001	23.75	89.19	0	
492001	23.69	89.12	0	
494001	23.75	89.06	0	
496001	23.75	89.06	0	
498001	23.75	89.00	0	
500001	23.69	88.94	0	
502001	23.69	88.94	0	
504001	23.69	88.94	0	
506001	23.69	88.94	0	
508001	23.69	88.87	0	
510001	23.69	88.81	0	
512001	23.69	88.75	0	
514001	23.69	88.75	0	
516001	23.69	88.69	0	
518001	23.69	88.69	0	
520001	23.69	88.62	0	
522001	23.69	88.56	0	
524001	23.69	88.56	0	
526001	23.69	88.50	0	
528001	23.69	88.44	0	
530001	23.69	88.37	0	
532001	23.69	88.37	0	
534001	23.69	88.31	0	
536001	23.69	88.31	0	
538001	23.69	88.25	0	
540001	23.69	88.25	0	
542001	23.69	88.25	0	
544001	23.69	88.25	0	
546001	23.69	88.19	0	
548001	23.69	88.19	0	
550001	23.69	88.12	0	
552001	23.69	88.12	0	
554001	23.69	88.06	0	
556001	23.69	88.00	0	
558001	23.69	88.00	0	
560001	23.62	87.94	0	
562001	23.69	87.87	0	
564001	23.69	87.87	0	
566001	23.69	87.81	0	
568001	23.69	87.81	0	
570001	23.69	87.81	0	
572001	23.69	87.75	0	
574001	23.69	87.69	0	
576001	23.69	87.69	0	
578001	23.69	87.56	0	
580001	23.69	87.56	0	
582001	23.69	87.50	0	
584001	23.62	87.50	0	
586001	23.69	87.44	0	
588001	23.62	87.44	0	
590001	23.69	87.37	0	
592001	23.69	87.31	0	
594001	23.69	87.31	0	
596001	23.69	87.25	0	
598001	23.62	87.19	0	
600001	23.69	87.12	0	
602001	23.62	87.06	0	
604001	23.69	87.06	0	
606001	23.62	87.06	0	
608001	23.62	87.00	0	
610001	23.69	87.00	0	
612001	23.69	86.94	0	
614001	23.62	86.94	0	
616001	23.62	86.94	0	
618001	23.62	86.87	0	
620001	23.69	86.87	0	
622001	23.69	86.81	0	
624001	23.62	86.75	0	
626001	23.62	86.75	0	
628001	23.62	86.75	0	
630001	23.62	86.69	0	
632001	23.62	86.69	0	
634001	23.62	86.62	0	
636001	23.62	86.56	0	
638001	23.62	86.56	0	
640001	23.62	86.50	0	
642001	23.62	86.50	0	
644001	23.62	86.50	0	
646001	23.62	86.44	0	
648001	23.62	86.44	0	
650001	23.62	86.44	0	
652001	23.62	86.44	0	
654001	23.62	86.37	0	
656001	23.62	86.37	0	
658001	23.62	86.31	0	
660001	23.62	86.31	0	
662001	23.62	86.25	0	
664001	23.62	86.25	0	
666001	23.62	86.19	0	
668001	23.62	86.12	0	
670001	23.56	86.12	0	
672001	23.62	86.06	0	
674001	23.62	86.06	0	
676001	23.62	86.00	0	
678001	23.62	85.94	0	
680001	23.62	85.94	0	
682001	23.56	85.87	0	
684001	23.62	85.87	0	
686001	23.62	85.87	0	
688001	23.62	85.87	0	
690001	23.56	85.81	0	
692001	23.56	85.69	0	
694001	23.62	85.69	0	
696001	23.62	85.62	0	
698001	23.62	85.56	0	
700001	23.62	85.56	0	
702001	23.62	85.50	0	
704001	23.62	85.50	0	
706001	23.62	85.44	0	
708001	23.62	85.37	0	
710001	23.62	85.31	0	
712001	23.62	85.25	0	
714001	23.62	85.25	0	
716001	23.62	85.25	0	
718001	23.62	85.25	0	
720001	23.62	85.19	0	
722001	23.62	85.19	0	
724001	23.62	85.19	0	
726001	23.62	85.12	0	
728001	23.62	85.12	0	
730001	23.62	85.12	0	
732001	23.62	85.06	0	
734001	23.62	85.06	0	
736001	23.62	85.06	0	
738001	23.62	85.06	0	
740001	23.56	85.06	0	
742001	23.62	85.00	0	
744001	23.62	84.94	0	
746001	23.56	84.87	0	
748001	23.62	84.87	0	
750001	23.62	84.81	0	
752001	23.62	84.81	0	
754001	23.62	84.75	0	
756001	23.62	84.75	0	
758001	23.62	84.69	0	
760001	23.62	84.69	0	
762001	23.62	84.69	0	
764001	23.62	84.62	0	
766001	23.56	84.62	0	
768001	23.62	84.56	0	
770001	23.56	84.56	0	
772001	23.56	84.56	0	
774001	23.62	84.50	0	
776001	23.56	84.50	0	
778001	23.62	84.44	0	
780001	23.56	84.37	0	
782001	23.56	84.31	0	
784001	23.56	84.31	0	
786001	23.56	84.31	0	
788001	23.56	84.25	0	
790001	23.56	84.19	0	
792001	23.56	84.19	0	
794001	23.56	84.12	0	
796001	23.62	84.12	0	
798001	23.62	84.12	0	
800001	23.62	84.12	0	
802001	23.62	84.06	0	
804001	23.62	84.06	0	
806001	23.62	84.00	0	
808001	23.62	83.94	0	
810001	23.62	83.94	0	
812001	23.62	83.87	0	
814001	23.62	83.81	0	
816001	23.62	83.81	0	
818001	23.62	83.75	0	
820001	23.56	83.75	0	
822001	23.62	83.75	0	
824001	23.62	83.69	0	
826001	23.62	83.69	0	
828001	23.62	83.62	0	
830001	23.62	83.62	0	
832001	23.62	83.56	0	
834001	23.62	83.56	0	
836001	23.62	83.56	0	
838001	23.62	83.56	0	
840001	23.62	83.50	0	
842001	23.69	83.50	0	
844001	23.62	83.44	0	
846001	23.62	83.44	0	
848001	23.62	83.37	0	
850001	23.62	83.37	0	
852001	23.62	83.37	0	
854001	23.62	83.31	0	
856001	23.62	83.31	0	
858001	23.62	83.25	0	
860001	23.62	83.25	0	
862001	23.56	83.19	0	
864001	23.56	83.12	0	
866001	23.56	83.12	0	
868001	23.56	83.12	0	
870001	23.56	83.06	0	
872001	23.56	83.06	0	
874001	23.56	83.06	0	
876001	23.56	83.00	0	
878001	23.56	83.00	0	
880001	23.56	82.94	0	
882001	23.62	82.94	0	
884001	23.56	82.94	0	
886001	23.56	82.87	0	
888001	23.56	82.81	0	
890001	23.62	82.81	0	
892001	23.56	82.75	0	
894001	23.62	82.75	0	
896001	23.56	82.69	0	
898001	23.62	82.62	0	
900001	23.62	82.56	0	
902001	23.62	82.56	0	
904001	23.62	82.50	0	
906001	23.62	82.50	0	
908001	23.62	82.50	0	
910001	23.62	82.44	0	
912001	23.62	82.44	0	
914001	23.62	82.37	0	
916001	23.62	82.37	0	
918001	23.56	82.37	0	
920001	23.62	82.31	0	
922001	23.62	82.31	0	
924001	23.62	82.31	0	
926001	23.62	82.25	0	
928001	23.62	82.25	0	
930001	23.62	82.25	0	
932001	23.62	82.19	0	
934001	23.62	82.19	0	
936001	23.62	82.12	0	
938001	23.62	82.12	0	
940001	23.56	82.06	0	
942001	23.62	82.06	0	
944001	23.62	82.00	0	
946001	23.62	82.00	0	
948001	23.62	81.94	0	
950001	23.62	81.87	0	
952001	23.62	81.87	0	
954001	23.62	81.81	0	
956001	23.62	81.81	0	
958001	23.62	81.81	0	
960001	23.62	81.75	0	
962001	23.62	81.75	0	
964001	23.62	81.69	0	
966001	23.62	81.69	0	
968001	23.62	81.62	0	
970001	23.62	81.62	0	
972001	23.62	81.62	0	
974001	23.62	81.62	0	
976001	23.62	81.56	0	
978001	23.62	81.56	0	
980001	23.62	81.50	0	
982001	23.56	81.50	0	
984001	23.62	81.44	0	
986001	23.62	81.44	0	
988001	23.62	81.37	0	
990001	23.62	81.31	0	
992001	23.62	81.31	0	
994001	23.62	81.31	0	
996001	23.62	81.31	0	
998001	23.62	81.25	0	
1000001	23.62	81.25	0	
1002001	23.62	81.25	0	
1004001	23.62	81.19	0	
1006001	23.62	81.19	0	
1008001	23.62	81.19	0	
1010001	23.62	81.12	0	
1012001	23.62	81.12	0	
1014001	23.62	81.06	0	
1016001	23.62	81.06	0	
1018001	23.62	81.00	0	
1020001	23.62	80.94	0	
1022001	23.62	80.94	0	
1024001	23.62	80.94	0	
1026001	23.62	80.87	0	
1028001	23.62	80.81	0	
1030001	23.62	80.81	0	
1032001	23.62	80.75	0	
1034001	23.62	80.75	0	
1036001	23.62	80.69	0	
1038001	23.62	80.69	0	
1040001	23.69	80.69	0	
1042001	23.69	80.69	0	
1044001	23.62	80.69	0	
1046001	23.62	80.62	0	
1048001	23.62	80.62	0	
1050001	23.62	80.62	0	
1052001	23.69	80.56	0	
1054001	23.62	80.50	0	
1056001	23.62	80.50	0	
1058001	23.62	80.44	0	
1060001	23.69	80.37	0	
1062001	23.62	80.37	0	
1064001	23.62	80.37	0	
1066001	23.62	80.37	0	
1068001	23.62	80.31	0	
1070001	23.62	80.31	0	
1072001	23.56	80.25	0	
1074001	23.56	80.25	0	
1076001	23.56	80.25	0	
1078001	23.56	80.19	0	
1080001	23.56	80.19	0	
1082001	23.56	80.12	0	
1084001	23.56	80.12	0	
1086001	23.56	80.06	0	
1088001	23.56	80.06	0	
1090001	23.56	80.00	0	
1092001	23.62	80.00	0	
1094001	23.62	79.94	0	
1096001	23.62	79.94	0	
1098001	23.62	79.87	0	
1100001	23.56	79.94	0	
1102001	23.62	79.87	0	
1104001	23.62	79.87	0	
1106001	23.62	79.81	0	
1108001	23.62	79.81	0	
1110001	23.62	79.75	0	
1112001	23.62	79.75	0	
1114001	23.62	79.75	0	
1116001	23.62	79.69	0	
1118001	23.62	79.69	0	
1120001	23.62	79.69	0	
1122001	23.62	79.62	0	
1124001	23.56	79.62	0	
1126001	23.62	79.56	0	
1128001	23.62	79.56	0	
1130001	23.62	79.56	0	
1132001	23.56	79.56	0	
1134001	23.62	79.50	0	
1136001	23.62	79.44	0	
1138001	23.62	79.44	0	
1140001	23.62	79.44	0	
1142001	23.62	79.37	0	
1144001	23.62	79.37	0	
1146001	23.62	79.37	0	
1148001	23.62	79.31	0	
1150001	23.62	79.31	0	
1152001	23.62	79.31	0	
1154001	23.62	79.25	0	
1156001	23.62	79.25	0	
1158001	23.62	79.19	0	
1160001	23.62	79.12	0	
1162001	23.62	79.12	0	
1164001	23.62	79.12	0	
1166001	23.62	79.06	0	
1168001	23.62	79.06	0	
1170001	23.62	79.06	0	
1172001	23.62	79.00	0	
1174001	23.69	78.94	0	
1176001	23.69	78.94	0	
1178001	23.69	78.87	0	
1180001	23.62	78.87	0	
1182001	23.62	78.87	0	
1184001	23.69	78.81	0	
1186001	23.69	78.81	0	
1188001	23.62	78.75	0	
1190001	23.62	78.75	0	
1192001	23.62	78.69	0	
1194001	23.69	78.69	0	
1196001	23.62	78.62	0	
1198001	23.62	78.62	0	
1200001	23.62	78.56	0	
1202001	23.62	78.56	0	
1204001	23.62	78.56	0	
1206001	23.62	78.56	0	
1208001	23.62	78.56	0	
1210001	23.62	78.56	0	
1212001	23.56	78.50	0	
1214001	23.62	78.50	0	
1216001	23.62	78.44	0	
1218001	23.56	78.44	0	
1220001	23.56	78.44	0	
1222001	23.62	78.44	0	
1224001	23.56	78.37	0	
1226001	23.62	78.37	0	
1228001	23.56	78.31	0	
1230001	23.56	78.31	0	
1232001	23.56	78.25	0	
1234001	23.56	78.19	0	
1236001	23.56	78.19	0	
1238001	23.56	78.12	0	
1240001	23.56	78.12	0	
1242001	23.62	78.12	0	
1244001	23.62	78.12	0	
1246001	23.62	78.12	0	
1248001	23.56	78.12	0	
1250001	23.62	78.06	0	
1252001	23.62	78.06	0	
1254001	23.62	78.06	0	
1256001	23.56	78.00	0	
1258001	23.62	78.00	0	
1260001	23.56	77.94	0	
1262001	23.56	77.94	0	
1264001	23.62	77.94	0	
1266001	23.62	77.87	0	
1268001	23.62	77.87	0	
1270001	23.56	77.87	0	
1272001	23.56	77.87	0	
1274001	23.56	77.81	0	
1276001	23.56	77.81	0	
1278001	23.56	77.81	0	
1280001	23.56	77.75	0	
1282001	23.56	77.75	0	
1284001	23.56	77.69	0	
1286001	23.56	77.69	0	
1288001	23.62	77.62	0	
1290001	23.56	77.56	0	
1292001	23.56	77.56	0	
1294001	23.56	77.50	0	
1296001	23.62	77.44	0	
1298001	23.56	77.44	0	
1300001	23.56	77.37	0	
1302001	23.56	77.37	0	
1304001	23.56	77.37	0	
1306001	23.56	77.37	0	
1308001	23.50	77.31	0	
1310001	23.50	77.31	0	
1312001	23.50	77.31	0	
1314001	23.56	77.31	0	
1316001	23.50	77.25	0	
1318001	23.56	77.25	0	
1320001	23.56	77.25	0	
1322001	23.56	77.25	0	
1324001	23.56	77.19	0	
1326001	23.56	77.19	0	
1328001	23.56	77.19	0	
1330001	23.56	77.12	0	
1332001	23.56	77.06	0	
1334001	23.56	77.06	0	
1336001	23.56	77.06	0	
1338001	23.56	77.00	0	
1340001	23.56	77.00	0	
1342001	23.56	77.00	0	
1344001	23.56	76.94	0	
1346001	23.56	76.94	0	
1348001	23.56	76.94	0	
1350001	23.56	76.87	0	
1352001	23.56	76.87	0	
1354001	23.56	76.87	0	
1356001	23.56	76.81	0	
1358001	23.56	76.81	0	
1360001	23.56	76.81	0	
1362001	23.56	76.75	0	
1364001	23.56	76.75	0	
1366001	23.56	76.69	0	
1368001	23.56	76.69	0	
1370001	23.56	76.69	0	
1372001	23.56	76.62	0	
1374001	23.56	76.62	0	
1376001	23.56	76.62	0	
1378001	23.56	76.56	0	
1380001	23.56	76.56	0	
1382001	23.56	76.50	0	
1384001	23.56	76.50	0	
1386001	23.56	76.50	0	
1388001	23.56	76.50	0	
1390001	23.62	76.44	0	
1392001	23.56	76.44	0	
1394001	23.56	76.44	0	
1396001	23.56	76.37	0	
1398001	23.56	76.37	0	
1400001	23.56	76.31	0	
1402001	23.56	76.25	0	
1404001	23.56	76.25	0	
PARADA DE EMERGENCIA