--------------------------------------------------------------
   CONTROL DE TEMPERATURA DE PAVA ELECTRICA
--------------------------------------------------------------
Mantiene la T° del agua por arriba de 83.00 ºC
Calienta como maximo la T° del Agua a 87.00 ºC
tiene 2 ciclos

Tiempo	Amb	Agua	Estado Control [0/1]	
0	23.81	21.25	1	
2001	23.81	21.25	1	
4001	23.81	21.31	1	
6001	23.81	21.25	1	
8001	23.87	21.25	1	
10001	23.87	21.31	1	
12001	23.87	21.31	1	
14001	23.87	21.62	1	
16001	23.87	22.37	1	
18001	23.87	23.37	1	
20001	23.87	24.25	1	
22001	23.87	25.19	1	
24001	23.87	26.31	1	
26001	23.87	27.44	1	
28001	23.87	28.50	1	
30001	23.87	29.37	1	
32001	23.87	30.31	1	
34001	23.87	31.19	1	
36001	23.87	31.94	1	
38001	23.87	32.50	1	
40001	23.87	33.19	1	
42001	23.87	33.94	1	
44001	23.87	34.94	1	
46001	23.87	35.94	1	
48001	23.87	37.00	1	
50001	23.87	37.94	1	
52001	23.94	38.56	1	
54001	23.87	39.19	1	
56001	23.87	39.75	1	
58001	23.87	40.50	1	
60001	23.94	41.31	1	
62001	23.87	42.19	1	
64001	23.87	43.13	1	
66001	23.87	43.88	1	
68001	23.87	44.69	1	
70001	23.87	45.44	1	
72001	23.87	46.19	1	
74001	23.87	47.19	1	
76001	23.87	48.25	1	
78001	23.87	49.06	1	
80001	23.87	49.81	1	
82001	23.87	50.56	1	
84001	23.94	51.31	1	
86001	23.87	52.13	1	
88001	23.87	53.00	1	
90001	23.87	53.88	1	
92001	23.87	54.69	1	
94001	23.94	55.56	1	
96001	23.87	56.50	1	
98001	23.87	57.25	1	
100001	23.87	57.88	1	
102001	23.87	58.56	1	
104001	23.94	59.38	1	
106001	23.87	60.19	1	
108001	23.87	61.00	1	
110001	23.87	61.75	1	
112001	23.87	62.75	1	
114001	23.94	63.75	1	
116001	23.87	64.69	1	
118001	23.94	65.56	1	
120001	23.94	66.44	1	
122001	23.94	67.19	1	
124001	23.94	68.00	1	
126001	23.94	69.06	1	
128001	23.94	70.00	1	
130001	23.94	70.87	1	
132001	23.94	71.75	1	
134001	23.94	72.56	1	
136001	23.94	73.44	1	
138001	23.94	74.31	1	
140001	23.94	75.19	1	
142001	23.94	76.12	1	
144001	24.00	77.00	1	
146001	24.00	77.81	1	
148001	24.00	78.75	1	
150001	24.00	79.75	1	
152001	24.00	80.56	1	
154001	24.00	81.31	1	
156001	24.00	82.06	1	
158001	24.00	82.69	1	
160001	24.06	83.37	1	
162001	24.06	84.37	1	
164001	24.06	85.31	1	
166001	24.06	86.25	1	
168001	24.00	87.12	0	
170001	24.06	87.87	0	
172001	24.06	88.56	0	
174001	24.00	89.19	0	
176001	24.00	89.69	0	
178001	24.00	90.19	0	
180001	24.00	90.44	0	
182001	24.00	90.62	0	
184001	24.00	90.69	0	
186001	24.00	90.75	0	
188001	24.00	90.75	0	
190001	24.00	90.75	0	
192001	24.00	90.69	0	
194001	24.00	90.69	0	
196001	24.00	90.62	0	
198001	24.00	90.56	0	
200001	24.00	90.44	0	
202001	24.00	90.37	0	
204001	24.00	90.25	0	
206001	24.00	90.19	0	
208001	24.00	90.12	0	
210001	24.00	90.06	0	
212001	24.00	90.00	0	
214001	24.00	89.94	0	
216001	24.00	89.87	0	
218001	24.00	89.81	0	
220001	24.00	89.69	0	
222001	24.00	89.69	0	
224001	24.00	89.62	0	
226001	24.00	89.56	0	
228001	24.00	89.56	0	
230001	24.00	89.56	0	
232001	24.00	89.56	0	
234001	24.00	89.56	0	
236001	24.00	89.56	0	
238001	24.00	89.50	0	
240001	24.00	89.44	0	
242001	23.94	89.37	0	
244001	24.00	89.31	0	
246001	24.00	89.25	0	
248001	24.00	89.19	0	
250001	23.94	89.12	0	
252001	23.94	89.12	0	
254001	24.00	89.06	0	
256001	23.94	89.06	0	
258001	24.00	89.00	0	
260001	23.94	89.00	0	
262001	23.94	88.94	0	
264001	24.00	88.87	0	
266001	24.00	88.81	0	
268001	23.94	88.75	0	
270001	23.94	88.69	0	
272001	23.94	88.62	0	
274001	23.94	88.62	0	
276001	23.94	88.62	0	
278001	24.00	88.56	0	
280001	23.94	88.50	0	
282001	23.94	88.50	0	
284001	23.94	88.50	0	
286001	24.00	88.44	0	
288001	23.94	88.44	0	
290001	24.00	88.44	0	
292001	24.00	88.44	0	
294001	24.00	88.37	0	
296001	24.00	88.31	0	
298001	24.00	88.25	0	
300001	24.00	88.25	0	
302001	24.00	88.19	0	
304001	24.00	88.12	0	
306001	24.00	88.12	0	
308001	24.00	88.06	0	
310001	24.00	88.06	0	
312001	24.00	88.06	0	
314001	24.00	88.06	0	
316001	24.06	88.00	0	
318001	24.00	88.00	0	
320001	24.00	87.94	0	
322001	24.00	87.87	0	
324001	24.06	87.81	0	
326001	24.06	87.75	0	
328001	24.00	87.69	0	
330001	24.00	87.69	0	
332001	24.06	87.62	0	
334001	24.00	87.56	0	
336001	24.06	87.56	0	
338001	24.06	87.56	0	
340001	24.00	87.56	0	
342001	24.00	87.50	0	
344001	24.06	87.50	0	
346001	24.06	87.50	0	
348001	24.00	87.50	0	
350001	24.00	87.50	0	
352001	24.00	87.44	0	
354001	24.06	87.44	0	
356001	24.00	87.44	0	
358001	24.00	87.37	0	
360001	24.00	87.31	0	
362001	24.00	87.31	0	
364001	24.00	87.25	0	
366001	24.06	87.19	0	
368001	24.00	87.12	0	
370001	24.06	87.12	0	
372001	24.06	87.06	0	
374001	24.00	87.06	0	
376001	24.00	87.06	0	
378001	24.00	87.06	0	
380001	24.00	87.00	0	
382001	24.00	86.94	0	
384001	24.00	86.94	0	
386001	24.00	86.87	0	
388001	24.00	86.87	0	
390001	24.06	86.81	0	
392001	24.06	86.81	0	
394001	24.06	86.81	0	
396001	24.00	86.75	0	
398001	24.00	86.75	0	
400001	24.00	86.75	0	
402001	24.06	86.75	0	
404001	24.06	86.69	0	
406001	24.06	86.62	0	
408001	24.06	86.62	0	
410001	24.00	86.56	0	
412001	24.00	86.50	0	
414001	24.06	86.50	0	
416001	24.06	86.44	0	
418001	24.00	86.44	0	
420001	24.06	86.44	0	
422001	24.06	86.44	0	
424001	24.06	86.37	0	
426001	24.06	86.37	0	
428001	24.06	86.31	0	
430001	24.06	86.31	0	
432001	24.06	86.31	0	
434001	24.06	86.25	0	
436001	24.06	86.19	0	
438001	24.00	86.19	0	
440001	24.06	86.12	0	
442001	24.06	86.12	0	
444001	24.06	86.12	0	
446001	24.06	86.06	0	
448001	24.06	86.06	0	
450001	24.06	86.00	0	
452001	24.06	86.00	0	
454001	24.06	85.94	0	
456001	24.06	85.94	0	
458001	24.06	85.94	0	
460001	24.06	85.87	0	
462001	24.06	85.87	0	
464001	24.06	85.87	0	
466001	24.06	85.81	0	
468001	24.06	85.81	0	
470001	24.06	85.81	0	
472001	24.06	85.75	0	
474001	24.06	85.75	0	
476001	24.06	85.69	0	
478001	24.06	85.62	0	
480001	24.06	85.62	0	
482001	24.06	85.56	0	
484001	24.06	85.50	0	
486001	24.06	85.50	0	
488001	24.06	85.44	0	
490001	24.06	85.44	0	
492001	24.06	85.37	0	
494001	24.06	85.37	0	
496001	24.06	85.37	0	
498001	24.06	85.31	0	
500001	24.06	85.25	0	
502001	24.00	85.25	0	
504001	24.06	85.25	0	
506001	24.00	85.19	0	
508001	24.06	85.19	0	
510001	24.06	85.19	0	
512001	24.06	85.19	0	
514001	24.06	85.12	0	
516001	24.06	85.12	0	
518001	24.06	85.12	0	
520001	24.06	85.06	0	
522001	24.06	85.06	0	
524001	24.06	85.06	0	
526001	24.06	85.00	0	
528001	24.06	85.00	0	
530001	24.06	84.94	0	
532001	24.06	84.94	0	
534001	24.06	84.94	0	
536001	24.06	84.87	0	
538001	24.06	84.87	0	
540001	24.06	84.81	0	
542001	24.06	84.81	0	
544001	24.12	84.81	0	
546001	24.06	84.75	0	
548001	24.06	84.69	0	
550001	24.06	84.69	0	
552001	24.06	84.69	0	
554001	24.06	84.62	0	
556001	24.06	84.62	0	
558001	24.06	84.56	0	
560001	24.06	84.56	0	
562001	24.06	84.50	0	
564001	24.06	84.44	0	
566001	24.06	84.44	0	
568001	24.06	84.44	0	
570001	24.06	84.37	0	
572001	24.06	84.37	0	
574001	24.06	84.37	0	
576001	24.06	84.31	0	
578001	24.06	84.25	0	
580001	24.06	84.25	0	
582001	24.06	84.19	0	
584001	24.06	84.19	0	
586001	24.06	84.12	0	
588001	24.06	84.12	0	
590001	24.06	84.06	0	
592001	24.06	84.06	0	
594001	24.06	84.06	0	
596001	24.06	84.00	0	
598001	24.06	84.00	0	
600001	24.06	83.94	0	
602001	24.06	83.94	0	
604001	24.06	83.94	0	
606001	24.00	83.94	0	
608001	24.06	83.87	0	
610001	24.00	83.87	0	
612001	24.06	83.81	0	
614001	24.06	83.81	0	
616001	24.06	83.81	0	
618001	24.06	83.75	0	
620001	24.06	83.75	0	
622001	24.06	83.69	0	
624001	24.06	83.69	0	
626001	24.06	83.69	0	
628001	24.06	83.62	0	
630001	24.06	83.62	0	
632001	24.06	83.56	0	
634001	24.00	83.56	0	
636001	24.06	83.56	0	
638001	24.06	83.50	0	
640001	24.06	83.50	0	
642001	24.06	83.44	0	
644001	24.00	83.44	0	
646001	24.00	83.44	0	
648001	24.00	83.37	0	
650001	24.06	83.37	0	
652001	24.06	83.31	0	
654001	24.06	83.31	0	
656001	24.00	83.25	0	
658001	24.00	83.25	0	
660001	24.06	83.25	0	
662001	24.00	83.19	0	
664001	24.00	83.19	0	
666001	24.00	83.19	0	
668001	24.00	83.19	0	
670001	24.00	83.12	0	
672001	24.00	83.12	0	
674001	24.00	83.06	0	
676001	24.00	83.06	0	
678001	24.00	83.06	0	
680001	24.00	83.00	0	
682001	24.06	83.00	0	
684001	24.00	82.94	1	
686001	24.00	82.94	1	
688001	24.00	82.87	1	
690001	24.00	82.87	1	
692001	24.00	82.87	1	
694001	24.00	82.81	1	
696001	24.00	83.19	1	
698001	24.00	84.06	1	
700001	24.00	85.00	1	
702001	24.00	85.75	1	
704001	24.00	86.62	1	
706001	24.00	87.44	0	
708001	24.00	88.25	0	
710001	24.00	88.94	0	
712001	24.00	89.56	0	
714001	24.00	90.00	0	
716001	24.00	90.37	0	
718001	24.06	90.56	0	
720001	24.00	90.62	0	
722001	24.06	90.75	0	
724001	24.00	90.87	0	
726001	24.00	90.94	0	
728001	24.00	90.94	0	
730001	24.00	90.94	0	
732001	24.00	90.94	0	
734001	24.00	90.94	0	
736001	24.00	90.94	0	
738001	24.00	90.94	0	
740001	24.00	90.87	0	
742001	24.00	90.81	0	
744001	24.00	90.81	0	
746001	24.00	90.75	0	
748001	24.06	90.69	0	
750001	24.06	90.62	0	
752001	24.00	90.56	0	
754001	24.06	90.50	0	
756001	24.06	90.50	0	
758001	24.00	90.44	0	
760001	24.06	90.37	0	
762001	24.06	90.37	0	
764001	24.06	90.31	0	
766001	24.06	90.31	0	
768001	24.06	90.25	0	
770001	24.06	90.25	0	
772001	24.06	90.25	0	
774001	24.06	90.19	0	
776001	24.00	90.19	0	
778001	24.06	90.12	0	
780001	24.06	90.12	0	
782001	24.06	90.12	0	
784001	24.06	90.06	0	
786001	24.00	90.06	0	
788001	24.06	90.06	0	
790001	24.06	90.00	0	
792001	24.06	90.00	0	
794001	24.00	90.00	0	
796001	24.06	90.00	0	
798001	24.06	89.94	0	
800001	24.00	89.94	0	
802001	24.00	89.87	0	
804001	24.00	89.87	0	
806001	24.00	89.87	0	
808001	24.06	89.81	0	
810001	24.06	89.81	0	
812001	24.00	89.81	0	
814001	24.06	89.75	0	
816001	24.06	89.75	0	
818001	24.06	89.75	0	
820001	24.00	89.69	0	
822001	24.06	89.69	0	
824001	24.06	89.62	0	
826001	24.06	89.62	0	
828001	24.06	89.62	0	
830001	24.00	89.56	0	
832001	24.06	89.50	0	
834001	24.06	89.50	0	
836001	24.06	89.44	0	
838001	24.06	89.44	0	
840001	24.06	89.37	0	
842001	24.06	89.37	0	
844001	24.06	89.31	0	
846001	24.00	89.31	0	
848001	24.00	89.31	0	
850001	24.06	89.25	0	
852001	24.06	89.25	0	
854001	24.00	89.19	0	
856001	24.00	89.19	0	
858001	24.00	89.12	0	
860001	24.00	89.12	0	
862001	24.06	89.06	0	
864001	24.00	89.06	0	
866001	24.00	89.06	0	
868001	24.00	89.00	0	
870001	24.00	89.00	0	
872001	24.00	88.94	0	
874001	24.00	88.94	0	
876001	24.00	88.94	0	
878001	24.00	88.87	0	
880001	24.00	88.87	0	
882001	23.94	88.81	0	
884001	23.94	88.75	0	
886001	23.94	88.75	0	
888001	23.94	88.75	0	
890001	23.94	88.69	0	
892001	23.94	88.69	0	
894001	23.94	88.62	0	
896001	23.94	88.62	0	
898001	23.94	88.56	0	
900001	23.94	88.56	0	
902001	23.94	88.50	0	
904001	23.94	88.44	0	
906001	23.94	88.44	0	
908001	23.94	88.44	0	
910001	23.94	88.37	0	
912001	23.94	88.37	0	
914001	23.94	88.31	0	
916001	23.94	88.31	0	
918001	23.94	88.25	0	
920001	24.00	88.19	0	
922001	24.00	88.19	0	
924001	24.00	88.12	0	
926001	24.00	88.12	0	
928001	23.94	88.06	0	
930001	23.94	88.06	0	
932001	23.94	88.00	0	
934001	24.00	88.00	0	
936001	23.94	87.94	0	
938001	24.00	88.00	0	
940001	23.94	87.94	0	
942001	23.94	87.87	0	
944001	23.94	87.94	0	
946001	23.94	87.87	0	
948001	23.94	87.87	0	
950001	23.94	87.81	0	
952001	23.94	87.81	0	
954001	23.94	87.75	0	
956001	23.94	87.75	0	
958001	23.94	87.69	0	
960001	23.94	87.69	0	
962001	23.94	87.62	0	
964001	23.94	87.62	0	
966001	23.94	87.56	0	
968001	23.94	87.56	0	
970001	24.00	87.56	0	
972001	23.94	87.50	0	
974001	23.94	87.50	0	
976001	23.94	87.44	0	
978001	23.94	87.44	0	
980001	23.94	87.37	0	
982001	23.94	87.37	0	
984001	23.94	87.31	0	
986001	23.94	87.31	0	
988001	23.94	87.25	0	
990001	23.94	87.25	0	
992001	23.94	87.19	0	
994001	23.94	87.19	0	
996001	23.94	87.12	0	
998001	23.94	87.06	0	
1000001	23.94	87.06	0	
1002001	24.00	87.00	0	
1004001	23.94	87.00	0	
1006001	23.94	87.00	0	
1008001	24.00	87.00	0	
1010001	23.94	86.94	0	
1012001	24.00	86.94	0	
1014001	24.00	86.94	0	
1016001	24.00	86.87	0	
1018001	24.00	86.87	0	
1020001	24.00	86.81	0	
1022001	24.00	86.75	0	
1024001	24.00	86.75	0	
1026001	24.00	86.75	0	
1028001	24.00	86.69	0	
1030001	24.00	86.69	0	
1032001	24.00	86.62	0	
1034001	24.00	86.62	0	
1036001	24.00	86.56	0	
1038001	24.00	86.50	0	
1040001	24.06	86.44	0	
1042001	24.00	86.44	0	
1044001	24.00	86.44	0	
1046001	24.00	86.37	0	
1048001	24.00	86.37	0	
1050001	24.00	86.31	0	
1052001	24.00	86.31	0	
1054001	24.00	86.31	0	
1056001	24.00	86.31	0	